13 13
-5 -9 -11 -13 1 -9 -4 -8 -2 0 -2 2 -8 
11 -10 3 0 -10 13 1 0 -12 -7 5 -5 1 
-3 -12 -2 -11 -4 9 -13 7 10 1 -10 0 -1 
-3 -4 0 12 -12 10 8 0 -3 -6 -1 -9 -12 
-2 -6 2 0 10 -8 5 11 -7 6 12 6 8 
6 -8 0 5 -12 10 0 10 2 5 -13 -3 11 
1 -10 9 -3 11 8 -12 -6 -10 3 -9 -6 10 
6 -8 0 5 -12 10 0 10 2 5 -13 -3 11 
-2 -6 2 0 10 -8 5 11 -7 6 12 6 8 
-3 -4 0 12 -12 10 8 0 -3 -6 -1 -9 -12 
-3 -12 -2 -11 -4 9 -13 7 10 1 -10 0 -1 
11 -10 3 0 -10 13 1 0 -12 -7 5 -5 1 
-5 -9 -11 -13 1 -9 -4 -8 -2 0 -2 2 -8 
9
1 11 11
11 11 9
3 1 16
5 10 11
7 10 12
2 5 8
10 5 9
9 9 14
3 9 11
14
9 7
3 7
11 3
1 3
5 2
7 2
5 6
7 6
12 9
0 9
11 7
1 7
10 11
2 11
4
1 11 8
2 9 0
3 10 2
4 12 4
5 3 10
6 2 0
7 1 2
8 3 3
0 0 0 0 0 0 0 0 0 1 1 0 0 
0 0 0 0 0 0 0 0 0 1 0 0 0 
0 0 0 0 0 0 0 0 0 0 1 1 0 
0 0 0 0 0 0 0 0 0 1 0 0 0 
0 0 0 0 0 0 0 0 0 0 1 1 1 
0 0 0 0 0 0 0 0 0 0 0 0 0 
0 0 0 0 0 0 0 0 0 0 0 0 0 
0 0 0 0 0 0 0 0 0 0 0 0 0 
0 0 0 0 0 0 0 0 0 0 0 1 0 
0 0 0 0 0 0 0 0 0 0 1 0 0 
0 0 0 0 0 0 0 0 0 1 1 0 0 
0 0 0 0 0 0 0 0 0 0 0 0 0 
0 0 0 0 0 0 0 0 0 0 0 0 0 
0 0 1 0 0 0 0 0 0 0 0 0 0 
0 0 0 0 0 0 0 0 0 0 0 0 0 
0 1 0 0 0 0 0 0 0 0 0 0 0 
0 0 0 1 0 0 0 0 0 0 0 0 0 
0 0 0 0 0 0 0 0 0 0 0 0 0 
0 0 0 0 0 0 0 0 0 0 0 0 0 
0 0 0 0 0 0 0 0 0 0 0 0 0 
0 0 0 0 0 0 0 0 0 0 0 0 0 
0 0 0 0 0 0 0 0 0 0 0 0 0 
0 0 0 0 0 0 0 0 0 0 0 0 0 
0 0 0 1 0 0 0 0 0 0 0 0 0 
0 0 0 0 0 0 0 0 0 0 0 0 0 
0 0 0 0 0 0 0 0 0 0 0 0 0 
10